aag 4534 49 157 0 4328 1
2
4
6
8
10
12
14
16
18
20
22
24
26
28
30
32
34
36
38
40
42
44
46
48
50
52
54
56
58
60
62
64
66
68
70
72
74
76
78
80
82
84
86
88
90
92
94
96
98
100 573
102 896
104 874
106 856
108 836
110 818
112 796
114 778
116 758
118 740
120 716
122 698
124 678
126 660
128 638
130 620
132 600
134 580
136 880
138 862
140 842
142 824
144 802
146 784
148 764
150 746
152 722
154 704
156 684
158 666
160 644
162 626
164 606
166 588
168 1208
170 1186
172 1168
174 1148
176 1130
178 1108
180 1090
182 1070
184 1052
186 1028
188 1010
190 990
192 972
194 950
196 932
198 912
200 898
202 1192
204 1174
206 1154
208 1136
210 1114
212 1096
214 1076
216 1058
218 1034
220 1016
222 996
224 978
226 956
228 938
230 918
232 900
234 1228
236 1220
238 1214
240 1352
242 1336
244 1320
246 1296
248 1272
250 1256
252 1338
254 1328
256 1304
258 1282
260 1242
262 1488
264 1480
266 1416
268 4472
270 4446
272 4424
274 4400
276 4374
278 4344
280 4318
282 4290
284 4260
286 4224
288 4198
290 4170
292 4140
294 4106
296 4080
298 4052
300 4018
302 3976
304 3950
306 3922
308 3892
310 3858
312 3832
314 3804
316 3770
318 3730
320 3704
322 3676
324 3646
326 3612
328 3586
330 3558
332 2516
334 4454
336 4432
338 4408
340 4386
342 4352
344 4330
346 4298
348 4276
350 4232
352 4210
354 4178
356 4156
358 4114
360 4092
362 4060
364 4038
366 3984
368 3962
370 3930
372 3908
374 3866
376 3844
378 3812
380 3790
382 3738
384 3716
386 3684
388 3662
390 3620
392 3598
394 3566
396 3544
398 4504
400 4536
402 4546
404 4610
406 4642
408 4674
410 4684
412 4748
9069
414 96 64
416 97 65
418 417 415
420 94 62
422 95 63
424 423 421
426 425 419
428 92 60
430 93 61
432 431 429
434 90 58
436 91 59
438 437 435
440 439 433
442 440 426
444 88 56
446 89 57
448 447 445
450 86 54
452 87 55
454 453 451
456 455 449
458 84 52
460 85 53
462 461 459
464 82 50
466 83 51
468 467 465
470 469 463
472 470 456
474 472 442
476 80 48
478 81 49
480 479 477
482 78 46
484 79 47
486 485 483
488 487 481
490 76 44
492 77 45
494 493 491
496 74 42
498 75 43
500 499 497
502 501 495
504 502 488
506 72 40
508 73 41
510 509 507
512 70 38
514 71 39
516 515 513
518 517 511
520 68 36
522 69 37
524 523 521
526 66 34
528 67 35
530 529 527
532 531 525
534 532 518
536 534 504
538 536 474
540 33 31
542 29 27
544 542 540
546 25 23
548 21 19
550 548 546
552 550 544
554 17 15
556 13 11
558 556 554
560 9 7
562 5 3
564 562 560
566 564 558
568 566 552
570 569 539
572 571 101
574 237 98
576 574 33
578 575 135
580 579 577
582 239 98
584 582 33
586 583 167
588 587 585
590 588 580
592 589 581
594 593 591
596 574 31
598 575 133
600 599 597
602 582 31
604 583 165
606 605 603
608 606 600
610 607 601
612 611 609
614 613 595
616 574 29
618 575 131
620 619 617
622 582 29
624 583 163
626 625 623
628 626 620
630 627 621
632 631 629
634 574 27
636 575 129
638 637 635
640 582 27
642 583 161
644 643 641
646 644 638
648 645 639
650 649 647
652 651 633
654 652 614
656 574 25
658 575 127
660 659 657
662 582 25
664 583 159
666 665 663
668 666 660
670 667 661
672 671 669
674 574 23
676 575 125
678 677 675
680 582 23
682 583 157
684 683 681
686 684 678
688 685 679
690 689 687
692 691 673
694 574 21
696 575 123
698 697 695
700 582 21
702 583 155
704 703 701
706 704 698
708 705 699
710 709 707
712 574 19
714 575 121
716 715 713
718 582 19
720 583 153
722 721 719
724 722 716
726 723 717
728 727 725
730 729 711
732 730 692
734 732 654
736 574 17
738 575 119
740 739 737
742 582 17
744 583 151
746 745 743
748 746 740
750 747 741
752 751 749
754 574 15
756 575 117
758 757 755
760 582 15
762 583 149
764 763 761
766 764 758
768 765 759
770 769 767
772 771 753
774 574 13
776 575 115
778 777 775
780 582 13
782 583 147
784 783 781
786 784 778
788 785 779
790 789 787
792 574 11
794 575 113
796 795 793
798 582 11
800 583 145
802 801 799
804 802 796
806 803 797
808 807 805
810 809 791
812 810 772
814 574 9
816 575 111
818 817 815
820 582 9
822 583 143
824 823 821
826 824 818
828 825 819
830 829 827
832 574 7
834 575 109
836 835 833
838 582 7
840 583 141
842 841 839
844 842 836
846 843 837
848 847 845
850 849 831
852 574 5
854 575 107
856 855 853
858 582 5
860 583 139
862 861 859
864 862 856
866 863 857
868 867 865
870 574 3
872 575 105
874 873 871
876 582 3
878 583 137
880 879 877
882 880 874
884 881 875
886 885 883
888 887 869
890 888 850
892 890 812
894 892 734
896 895 572
898 574 64
900 582 96
902 900 898
904 901 899
906 905 903
908 574 63
910 575 201
912 911 909
914 582 95
916 583 233
918 917 915
920 918 912
922 919 913
924 923 921
926 925 907
928 574 61
930 575 199
932 931 929
934 582 93
936 583 231
938 937 935
940 938 932
942 939 933
944 943 941
946 574 59
948 575 197
950 949 947
952 582 91
954 583 229
956 955 953
958 956 950
960 957 951
962 961 959
964 963 945
966 964 926
968 574 57
970 575 195
972 971 969
974 582 89
976 583 227
978 977 975
980 978 972
982 979 973
984 983 981
986 574 55
988 575 193
990 989 987
992 582 87
994 583 225
996 995 993
998 996 990
1000 997 991
1002 1001 999
1004 1003 985
1006 574 53
1008 575 191
1010 1009 1007
1012 582 85
1014 583 223
1016 1015 1013
1018 1016 1010
1020 1017 1011
1022 1021 1019
1024 574 51
1026 575 189
1028 1027 1025
1030 582 83
1032 583 221
1034 1033 1031
1036 1034 1028
1038 1035 1029
1040 1039 1037
1042 1041 1023
1044 1042 1004
1046 1044 966
1048 574 49
1050 575 187
1052 1051 1049
1054 582 81
1056 583 219
1058 1057 1055
1060 1058 1052
1062 1059 1053
1064 1063 1061
1066 574 47
1068 575 185
1070 1069 1067
1072 582 79
1074 583 217
1076 1075 1073
1078 1076 1070
1080 1077 1071
1082 1081 1079
1084 1083 1065
1086 574 45
1088 575 183
1090 1089 1087
1092 582 77
1094 583 215
1096 1095 1093
1098 1096 1090
1100 1097 1091
1102 1101 1099
1104 574 43
1106 575 181
1108 1107 1105
1110 582 75
1112 583 213
1114 1113 1111
1116 1114 1108
1118 1115 1109
1120 1119 1117
1122 1121 1103
1124 1122 1084
1126 574 41
1128 575 179
1130 1129 1127
1132 582 73
1134 583 211
1136 1135 1133
1138 1136 1130
1140 1137 1131
1142 1141 1139
1144 574 39
1146 575 177
1148 1147 1145
1150 582 71
1152 583 209
1154 1153 1151
1156 1154 1148
1158 1155 1149
1160 1159 1157
1162 1161 1143
1164 574 37
1166 575 175
1168 1167 1165
1170 582 69
1172 583 207
1174 1173 1171
1176 1174 1168
1178 1175 1169
1180 1179 1177
1182 574 35
1184 575 173
1186 1185 1183
1188 582 67
1190 583 205
1192 1191 1189
1194 1192 1186
1196 1193 1187
1198 1197 1195
1200 1199 1181
1202 1200 1162
1204 1202 1124
1206 1204 1046
1208 1207 572
1210 239 99
1212 266 238
1214 1213 1211
1216 237 99
1218 264 236
1220 1219 1217
1222 1221 1215
1224 1220 1214
1226 1225 1223
1228 1226 572
1230 258 256
1232 254 252
1234 1232 1230
1236 1234 260
1238 1235 261
1240 1239 1237
1242 1240 238
1244 248 246
1246 244 242
1248 1246 1244
1250 1248 250
1252 1249 251
1254 1253 1251
1256 1254 236
1258 1257 1243
1260 1256 1242
1262 1261 1259
1264 1246 246
1266 1264 248
1268 1265 249
1270 1269 1267
1272 1270 236
1274 1232 256
1276 1274 258
1278 1275 259
1280 1279 1277
1282 1280 238
1284 1282 1272
1286 1283 1273
1288 1287 1285
1290 1246 246
1292 1247 247
1294 1293 1291
1296 1294 236
1298 1232 256
1300 1233 257
1302 1301 1299
1304 1302 238
1306 1304 1296
1308 1305 1297
1310 1309 1307
1312 1311 1289
1314 245 243
1316 244 242
1318 1317 1315
1320 1318 236
1322 255 253
1324 254 252
1326 1325 1323
1328 1326 238
1330 1328 1320
1332 1329 1321
1334 1333 1331
1336 243 236
1338 253 238
1340 1338 1336
1342 1339 1337
1344 1343 1341
1346 1345 1335
1348 1346 1312
1350 1348 1263
1352 1351 572
1354 233 231
1356 229 227
1358 1356 1354
1360 225 223
1362 221 219
1364 1362 1360
1366 1364 1358
1368 217 215
1370 213 211
1372 1370 1368
1374 209 207
1376 205 203
1378 1376 1374
1380 1378 1372
1382 1380 1366
1384 167 165
1386 163 161
1388 1386 1384
1390 159 157
1392 155 153
1394 1392 1390
1396 1394 1388
1398 151 149
1400 147 145
1402 1400 1398
1404 143 141
1406 139 137
1408 1406 1404
1410 1408 1402
1412 1410 1396
1414 1413 1383
1416 1415 238
1418 201 199
1420 197 195
1422 1420 1418
1424 193 191
1426 189 187
1428 1426 1424
1430 1428 1422
1432 185 183
1434 181 179
1436 1434 1432
1438 177 175
1440 173 171
1442 1440 1438
1444 1442 1436
1446 1444 1430
1448 135 133
1450 131 129
1452 1450 1448
1454 127 125
1456 123 121
1458 1456 1454
1460 1458 1452
1462 119 117
1464 115 113
1466 1464 1462
1468 111 109
1470 107 105
1472 1470 1468
1474 1472 1466
1476 1474 1460
1478 1477 1447
1480 1479 236
1482 1481 1417
1484 1480 1416
1486 1485 1483
1488 1486 572
1490 243 104
1492 1490 245
1494 1492 247
1496 1494 249
1498 1496 251
1500 1498 170
1502 1500 270
1504 242 105
1506 243 107
1508 1507 1505
1510 1508 245
1512 1510 247
1514 1512 249
1516 1514 251
1518 1516 170
1520 1518 272
1522 1519 273
1524 1523 1521
1526 1524 1502
1528 1518 272
1530 1529 1527
1532 242 107
1534 243 109
1536 1535 1533
1538 1491 244
1540 1537 245
1542 1541 1539
1544 1542 247
1546 1544 249
1548 1546 251
1550 1548 170
1552 1550 274
1554 1551 275
1556 1555 1553
1558 242 109
1560 243 111
1562 1561 1559
1564 1509 244
1566 1563 245
1568 1567 1565
1570 1568 247
1572 1570 249
1574 1572 251
1576 1574 170
1578 1576 276
1580 1577 277
1582 1581 1579
1584 1582 1556
1586 1584 1531
1588 1550 274
1590 1588 1582
1592 1576 276
1594 1593 1591
1596 1594 1587
1598 242 111
1600 243 113
1602 1601 1599
1604 1537 244
1606 1603 245
1608 1607 1605
1610 1493 246
1612 1609 247
1614 1613 1611
1616 1614 249
1618 1616 251
1620 1618 170
1622 1620 278
1624 1621 279
1626 1625 1623
1628 242 113
1630 243 115
1632 1631 1629
1634 1563 244
1636 1633 245
1638 1637 1635
1640 1511 246
1642 1639 247
1644 1643 1641
1646 1644 249
1648 1646 251
1650 1648 170
1652 1650 280
1654 1651 281
1656 1655 1653
1658 1656 1626
1660 242 115
1662 243 117
1664 1663 1661
1666 1603 244
1668 1665 245
1670 1669 1667
1672 1543 246
1674 1671 247
1676 1675 1673
1678 1676 249
1680 1678 251
1682 1680 170
1684 1682 282
1686 1683 283
1688 1687 1685
1690 242 117
1692 243 119
1694 1693 1691
1696 1633 244
1698 1695 245
1700 1699 1697
1702 1569 246
1704 1701 247
1706 1705 1703
1708 1706 249
1710 1708 251
1712 1710 170
1714 1712 284
1716 1713 285
1718 1717 1715
1720 1718 1688
1722 1720 1658
1724 1722 1597
1726 1620 278
1728 1726 1656
1730 1650 280
1732 1731 1729
1734 1733 1720
1736 1682 282
1738 1736 1718
1740 1712 284
1742 1741 1739
1744 1742 1735
1746 1744 1725
1748 242 119
1750 243 121
1752 1751 1749
1754 1665 244
1756 1753 245
1758 1757 1755
1760 1609 246
1762 1759 247
1764 1763 1761
1766 1495 248
1768 1765 249
1770 1769 1767
1772 1770 251
1774 1772 170
1776 1774 286
1778 1775 287
1780 1779 1777
1782 242 121
1784 243 123
1786 1785 1783
1788 1695 244
1790 1787 245
1792 1791 1789
1794 1639 246
1796 1793 247
1798 1797 1795
1800 1513 248
1802 1799 249
1804 1803 1801
1806 1804 251
1808 1806 170
1810 1808 288
1812 1809 289
1814 1813 1811
1816 1814 1780
1818 242 123
1820 243 125
1822 1821 1819
1824 1753 244
1826 1823 245
1828 1827 1825
1830 1671 246
1832 1829 247
1834 1833 1831
1836 1545 248
1838 1835 249
1840 1839 1837
1842 1840 251
1844 1842 170
1846 1844 290
1848 1845 291
1850 1849 1847
1852 242 125
1854 243 127
1856 1855 1853
1858 1787 244
1860 1857 245
1862 1861 1859
1864 1701 246
1866 1863 247
1868 1867 1865
1870 1571 248
1872 1869 249
1874 1873 1871
1876 1874 251
1878 1876 170
1880 1878 292
1882 1879 293
1884 1883 1881
1886 1884 1850
1888 1886 1816
1890 242 127
1892 243 129
1894 1893 1891
1896 1823 244
1898 1895 245
1900 1899 1897
1902 1759 246
1904 1901 247
1906 1905 1903
1908 1615 248
1910 1907 249
1912 1911 1909
1914 1912 251
1916 1914 170
1918 1916 294
1920 1917 295
1922 1921 1919
1924 242 129
1926 243 131
1928 1927 1925
1930 1857 244
1932 1929 245
1934 1933 1931
1936 1793 246
1938 1935 247
1940 1939 1937
1942 1645 248
1944 1941 249
1946 1945 1943
1948 1946 251
1950 1948 170
1952 1950 296
1954 1951 297
1956 1955 1953
1958 1956 1922
1960 242 131
1962 243 133
1964 1963 1961
1966 1895 244
1968 1965 245
1970 1969 1967
1972 1829 246
1974 1971 247
1976 1975 1973
1978 1677 248
1980 1977 249
1982 1981 1979
1984 1982 251
1986 1984 170
1988 1986 298
1990 1987 299
1992 1991 1989
1994 242 133
1996 243 135
1998 1997 1995
2000 1929 244
2002 1999 245
2004 2003 2001
2006 1863 246
2008 2005 247
2010 2009 2007
2012 1707 248
2014 2011 249
2016 2015 2013
2018 2016 251
2020 2018 170
2022 2020 300
2024 2021 301
2026 2025 2023
2028 2026 1992
2030 2028 1958
2032 2030 1888
2034 2032 1747
2036 1774 286
2038 2036 1814
2040 1808 288
2042 2041 2039
2044 2043 1886
2046 1844 290
2048 2046 1884
2050 1878 292
2052 2051 2049
2054 2052 2045
2056 2055 2030
2058 1916 294
2060 2058 1956
2062 1950 296
2064 2063 2061
2066 2065 2028
2068 1986 298
2070 2068 2026
2072 2020 300
2074 2073 2071
2076 2074 2067
2078 2076 2057
2080 2078 2035
2082 242 134
2084 1965 244
2086 2083 245
2088 2087 2085
2090 1901 246
2092 2089 247
2094 2093 2091
2096 1765 248
2098 2095 249
2100 2099 2097
2102 1497 250
2104 2101 251
2106 2105 2103
2108 2106 170
2110 2108 302
2112 2109 303
2114 2113 2111
2116 1998 244
2118 1935 246
2120 2117 247
2122 2121 2119
2124 1799 248
2126 2123 249
2128 2127 2125
2130 1515 250
2132 2129 251
2134 2133 2131
2136 2134 170
2138 2136 304
2140 2137 305
2142 2141 2139
2144 2142 2114
2146 2082 244
2148 1971 246
2150 2147 247
2152 2151 2149
2154 1835 248
2156 2153 249
2158 2157 2155
2160 1547 250
2162 2159 251
2164 2163 2161
2166 2164 170
2168 2166 306
2170 2167 307
2172 2171 2169
2174 2004 246
2176 1869 248
2178 2175 249
2180 2179 2177
2182 1573 250
2184 2181 251
2186 2185 2183
2188 2186 170
2190 2188 308
2192 2189 309
2194 2193 2191
2196 2194 2172
2198 2196 2144
2200 2088 246
2202 1907 248
2204 2201 249
2206 2205 2203
2208 1617 250
2210 2207 251
2212 2211 2209
2214 2212 170
2216 2214 310
2218 2215 311
2220 2219 2217
2222 2116 246
2224 1941 248
2226 2223 249
2228 2227 2225
2230 1647 250
2232 2229 251
2234 2233 2231
2236 2234 170
2238 2236 312
2240 2237 313
2242 2241 2239
2244 2242 2220
2246 2146 246
2248 1977 248
2250 2247 249
2252 2251 2249
2254 1679 250
2256 2253 251
2258 2257 2255
2260 2258 170
2262 2260 314
2264 2261 315
2266 2265 2263
2268 2010 248
2270 1709 250
2272 2269 251
2274 2273 2271
2276 2274 170
2278 2276 316
2280 2277 317
2282 2281 2279
2284 2282 2266
2286 2284 2244
2288 2286 2198
2290 2288 2081
2292 2108 302
2294 2292 2142
2296 2136 304
2298 2297 2295
2300 2299 2196
2302 2166 306
2304 2302 2194
2306 2188 308
2308 2307 2305
2310 2308 2301
2312 2311 2286
2314 2214 310
2316 2314 2242
2318 2236 312
2320 2319 2317
2322 2321 2284
2324 2260 314
2326 2324 2282
2328 2276 316
2330 2329 2327
2332 2330 2323
2334 2332 2313
2336 2334 2291
2338 2094 248
2340 1771 250
2342 2339 251
2344 2343 2341
2346 2344 170
2348 2346 318
2350 2347 319
2352 2351 2349
2354 2122 248
2356 1805 250
2358 2355 251
2360 2359 2357
2362 2360 170
2364 2362 320
2366 2363 321
2368 2367 2365
2370 2368 2352
2372 2152 248
2374 1841 250
2376 2373 251
2378 2377 2375
2380 2378 170
2382 2380 322
2384 2381 323
2386 2385 2383
2388 2174 248
2390 1875 250
2392 2389 251
2394 2393 2391
2396 2394 170
2398 2396 324
2400 2397 325
2402 2401 2399
2404 2402 2386
2406 2404 2370
2408 2406 2337
2410 2346 318
2412 2410 2368
2414 2362 320
2416 2415 2413
2418 2417 2404
2420 2380 322
2422 2420 2402
2424 2396 324
2426 2425 2423
2428 2426 2419
2430 2428 2409
2432 2200 248
2434 1913 250
2436 2433 251
2438 2437 2435
2440 2438 170
2442 2440 326
2444 2441 327
2446 2445 2443
2448 2222 248
2450 1947 250
2452 2449 251
2454 2453 2451
2456 2454 170
2458 2456 328
2460 2457 329
2462 2461 2459
2464 2462 2446
2466 2464 2431
2468 2440 326
2470 2468 2462
2472 2456 328
2474 2473 2471
2476 2474 2467
2478 2246 248
2480 1983 250
2482 2479 251
2484 2483 2481
2486 2484 170
2488 2486 330
2490 2487 331
2492 2491 2489
2494 2492 2477
2496 2486 330
2498 2497 2495
2500 2016 250
2502 2500 170
2504 2502 332
2506 2503 333
2508 2507 2505
2510 2509 2498
2512 2508 2499
2514 2513 2511
2516 2514 236
2518 253 136
2520 2518 255
2522 2520 257
2524 2522 259
2526 2524 261
2528 2526 202
2530 2528 334
2532 252 137
2534 253 139
2536 2535 2533
2538 2536 255
2540 2538 257
2542 2540 259
2544 2542 261
2546 2544 202
2548 2546 336
2550 2547 337
2552 2551 2549
2554 2552 2530
2556 2546 336
2558 2557 2555
2560 252 139
2562 253 141
2564 2563 2561
2566 2519 254
2568 2565 255
2570 2569 2567
2572 2570 257
2574 2572 259
2576 2574 261
2578 2576 202
2580 2578 338
2582 2579 339
2584 2583 2581
2586 252 141
2588 253 143
2590 2589 2587
2592 2537 254
2594 2591 255
2596 2595 2593
2598 2596 257
2600 2598 259
2602 2600 261
2604 2602 202
2606 2604 340
2608 2605 341
2610 2609 2607
2612 2610 2584
2614 2612 2559
2616 2578 338
2618 2616 2610
2620 2604 340
2622 2621 2619
2624 2622 2615
2626 252 143
2628 253 145
2630 2629 2627
2632 2565 254
2634 2631 255
2636 2635 2633
2638 2521 256
2640 2637 257
2642 2641 2639
2644 2642 259
2646 2644 261
2648 2646 202
2650 2648 342
2652 2649 343
2654 2653 2651
2656 252 145
2658 253 147
2660 2659 2657
2662 2591 254
2664 2661 255
2666 2665 2663
2668 2539 256
2670 2667 257
2672 2671 2669
2674 2672 259
2676 2674 261
2678 2676 202
2680 2678 344
2682 2679 345
2684 2683 2681
2686 2684 2654
2688 252 147
2690 253 149
2692 2691 2689
2694 2631 254
2696 2693 255
2698 2697 2695
2700 2571 256
2702 2699 257
2704 2703 2701
2706 2704 259
2708 2706 261
2710 2708 202
2712 2710 346
2714 2711 347
2716 2715 2713
2718 252 149
2720 253 151
2722 2721 2719
2724 2661 254
2726 2723 255
2728 2727 2725
2730 2597 256
2732 2729 257
2734 2733 2731
2736 2734 259
2738 2736 261
2740 2738 202
2742 2740 348
2744 2741 349
2746 2745 2743
2748 2746 2716
2750 2748 2686
2752 2750 2625
2754 2648 342
2756 2754 2684
2758 2678 344
2760 2759 2757
2762 2761 2748
2764 2710 346
2766 2764 2746
2768 2740 348
2770 2769 2767
2772 2770 2763
2774 2772 2753
2776 252 151
2778 253 153
2780 2779 2777
2782 2693 254
2784 2781 255
2786 2785 2783
2788 2637 256
2790 2787 257
2792 2791 2789
2794 2523 258
2796 2793 259
2798 2797 2795
2800 2798 261
2802 2800 202
2804 2802 350
2806 2803 351
2808 2807 2805
2810 252 153
2812 253 155
2814 2813 2811
2816 2723 254
2818 2815 255
2820 2819 2817
2822 2667 256
2824 2821 257
2826 2825 2823
2828 2541 258
2830 2827 259
2832 2831 2829
2834 2832 261
2836 2834 202
2838 2836 352
2840 2837 353
2842 2841 2839
2844 2842 2808
2846 252 155
2848 253 157
2850 2849 2847
2852 2781 254
2854 2851 255
2856 2855 2853
2858 2699 256
2860 2857 257
2862 2861 2859
2864 2573 258
2866 2863 259
2868 2867 2865
2870 2868 261
2872 2870 202
2874 2872 354
2876 2873 355
2878 2877 2875
2880 252 157
2882 253 159
2884 2883 2881
2886 2815 254
2888 2885 255
2890 2889 2887
2892 2729 256
2894 2891 257
2896 2895 2893
2898 2599 258
2900 2897 259
2902 2901 2899
2904 2902 261
2906 2904 202
2908 2906 356
2910 2907 357
2912 2911 2909
2914 2912 2878
2916 2914 2844
2918 252 159
2920 253 161
2922 2921 2919
2924 2851 254
2926 2923 255
2928 2927 2925
2930 2787 256
2932 2929 257
2934 2933 2931
2936 2643 258
2938 2935 259
2940 2939 2937
2942 2940 261
2944 2942 202
2946 2944 358
2948 2945 359
2950 2949 2947
2952 252 161
2954 253 163
2956 2955 2953
2958 2885 254
2960 2957 255
2962 2961 2959
2964 2821 256
2966 2963 257
2968 2967 2965
2970 2673 258
2972 2969 259
2974 2973 2971
2976 2974 261
2978 2976 202
2980 2978 360
2982 2979 361
2984 2983 2981
2986 2984 2950
2988 252 163
2990 253 165
2992 2991 2989
2994 2923 254
2996 2993 255
2998 2997 2995
3000 2857 256
3002 2999 257
3004 3003 3001
3006 2705 258
3008 3005 259
3010 3009 3007
3012 3010 261
3014 3012 202
3016 3014 362
3018 3015 363
3020 3019 3017
3022 252 165
3024 253 167
3026 3025 3023
3028 2957 254
3030 3027 255
3032 3031 3029
3034 2891 256
3036 3033 257
3038 3037 3035
3040 2735 258
3042 3039 259
3044 3043 3041
3046 3044 261
3048 3046 202
3050 3048 364
3052 3049 365
3054 3053 3051
3056 3054 3020
3058 3056 2986
3060 3058 2916
3062 3060 2775
3064 2802 350
3066 3064 2842
3068 2836 352
3070 3069 3067
3072 3071 2914
3074 2872 354
3076 3074 2912
3078 2906 356
3080 3079 3077
3082 3080 3073
3084 3083 3058
3086 2944 358
3088 3086 2984
3090 2978 360
3092 3091 3089
3094 3093 3056
3096 3014 362
3098 3096 3054
3100 3048 364
3102 3101 3099
3104 3102 3095
3106 3104 3085
3108 3106 3063
3110 252 166
3112 2993 254
3114 3111 255
3116 3115 3113
3118 2929 256
3120 3117 257
3122 3121 3119
3124 2793 258
3126 3123 259
3128 3127 3125
3130 2525 260
3132 3129 261
3134 3133 3131
3136 3134 202
3138 3136 366
3140 3137 367
3142 3141 3139
3144 3026 254
3146 2963 256
3148 3145 257
3150 3149 3147
3152 2827 258
3154 3151 259
3156 3155 3153
3158 2543 260
3160 3157 261
3162 3161 3159
3164 3162 202
3166 3164 368
3168 3165 369
3170 3169 3167
3172 3170 3142
3174 3110 254
3176 2999 256
3178 3175 257
3180 3179 3177
3182 2863 258
3184 3181 259
3186 3185 3183
3188 2575 260
3190 3187 261
3192 3191 3189
3194 3192 202
3196 3194 370
3198 3195 371
3200 3199 3197
3202 3032 256
3204 2897 258
3206 3203 259
3208 3207 3205
3210 2601 260
3212 3209 261
3214 3213 3211
3216 3214 202
3218 3216 372
3220 3217 373
3222 3221 3219
3224 3222 3200
3226 3224 3172
3228 3116 256
3230 2935 258
3232 3229 259
3234 3233 3231
3236 2645 260
3238 3235 261
3240 3239 3237
3242 3240 202
3244 3242 374
3246 3243 375
3248 3247 3245
3250 3144 256
3252 2969 258
3254 3251 259
3256 3255 3253
3258 2675 260
3260 3257 261
3262 3261 3259
3264 3262 202
3266 3264 376
3268 3265 377
3270 3269 3267
3272 3270 3248
3274 3174 256
3276 3005 258
3278 3275 259
3280 3279 3277
3282 2707 260
3284 3281 261
3286 3285 3283
3288 3286 202
3290 3288 378
3292 3289 379
3294 3293 3291
3296 3038 258
3298 2737 260
3300 3297 261
3302 3301 3299
3304 3302 202
3306 3304 380
3308 3305 381
3310 3309 3307
3312 3310 3294
3314 3312 3272
3316 3314 3226
3318 3316 3109
3320 3136 366
3322 3320 3170
3324 3164 368
3326 3325 3323
3328 3327 3224
3330 3194 370
3332 3330 3222
3334 3216 372
3336 3335 3333
3338 3336 3329
3340 3339 3314
3342 3242 374
3344 3342 3270
3346 3264 376
3348 3347 3345
3350 3349 3312
3352 3288 378
3354 3352 3310
3356 3304 380
3358 3357 3355
3360 3358 3351
3362 3360 3341
3364 3362 3319
3366 3122 258
3368 2799 260
3370 3367 261
3372 3371 3369
3374 3372 202
3376 3374 382
3378 3375 383
3380 3379 3377
3382 3150 258
3384 2833 260
3386 3383 261
3388 3387 3385
3390 3388 202
3392 3390 384
3394 3391 385
3396 3395 3393
3398 3396 3380
3400 3180 258
3402 2869 260
3404 3401 261
3406 3405 3403
3408 3406 202
3410 3408 386
3412 3409 387
3414 3413 3411
3416 3202 258
3418 2903 260
3420 3417 261
3422 3421 3419
3424 3422 202
3426 3424 388
3428 3425 389
3430 3429 3427
3432 3430 3414
3434 3432 3398
3436 3434 3365
3438 3374 382
3440 3438 3396
3442 3390 384
3444 3443 3441
3446 3445 3432
3448 3408 386
3450 3448 3430
3452 3424 388
3454 3453 3451
3456 3454 3447
3458 3456 3437
3460 3228 258
3462 2941 260
3464 3461 261
3466 3465 3463
3468 3466 202
3470 3468 390
3472 3469 391
3474 3473 3471
3476 3250 258
3478 2975 260
3480 3477 261
3482 3481 3479
3484 3482 202
3486 3484 392
3488 3485 393
3490 3489 3487
3492 3490 3474
3494 3492 3459
3496 3468 390
3498 3496 3490
3500 3484 392
3502 3501 3499
3504 3502 3495
3506 3274 258
3508 3011 260
3510 3507 261
3512 3511 3509
3514 3512 202
3516 3514 394
3518 3515 395
3520 3519 3517
3522 3520 3505
3524 3514 394
3526 3525 3523
3528 3044 260
3530 3528 202
3532 3530 396
3534 3531 397
3536 3535 3533
3538 3537 3526
3540 3536 3527
3542 3541 3539
3544 3542 238
3546 3544 2516
3548 3545 2517
3550 3549 3547
3552 2493 2476
3554 2492 2477
3556 3555 3553
3558 3556 236
3560 3521 3504
3562 3520 3505
3564 3563 3561
3566 3564 238
3568 3566 3558
3570 3567 3559
3572 3571 3569
3574 3573 3551
3576 2446 2431
3578 3577 2469
3580 3579 2462
3582 3578 2463
3584 3583 3581
3586 3584 236
3588 3474 3459
3590 3589 3497
3592 3591 3490
3594 3590 3491
3596 3595 3593
3598 3596 238
3600 3598 3586
3602 3599 3587
3604 3603 3601
3606 2447 2430
3608 2446 2431
3610 3609 3607
3612 3610 236
3614 3475 3458
3616 3474 3459
3618 3617 3615
3620 3618 238
3622 3620 3612
3624 3621 3613
3626 3625 3623
3628 3627 3605
3630 3628 3574
3632 2370 2337
3634 3633 2416
3636 3635 2386
3638 3637 2421
3640 3639 2402
3642 3638 2403
3644 3643 3641
3646 3644 236
3648 3398 3365
3650 3649 3444
3652 3651 3414
3654 3653 3449
3656 3655 3430
3658 3654 3431
3660 3659 3657
3662 3660 238
3664 3662 3646
3666 3663 3647
3668 3667 3665
3670 3635 2386
3672 3634 2387
3674 3673 3671
3676 3674 236
3678 3651 3414
3680 3650 3415
3682 3681 3679
3684 3682 238
3686 3684 3676
3688 3685 3677
3690 3689 3687
3692 3691 3669
3694 2352 2337
3696 3695 2411
3698 3697 2368
3700 3696 2369
3702 3701 3699
3704 3702 236
3706 3380 3365
3708 3707 3439
3710 3709 3396
3712 3708 3397
3714 3713 3711
3716 3714 238
3718 3716 3704
3720 3717 3705
3722 3721 3719
3724 2353 2336
3726 2352 2337
3728 3727 3725
3730 3728 236
3732 3381 3364
3734 3380 3365
3736 3735 3733
3738 3736 238
3740 3738 3730
3742 3739 3731
3744 3743 3741
3746 3745 3723
3748 3746 3692
3750 3748 3630
3752 2198 2081
3754 3753 2310
3756 3755 2244
3758 3757 2320
3760 3759 2266
3762 3761 2325
3764 3763 2282
3766 3762 2283
3768 3767 3765
3770 3768 236
3772 3226 3109
3774 3773 3338
3776 3775 3272
3778 3777 3348
3780 3779 3294
3782 3781 3353
3784 3783 3310
3786 3782 3311
3788 3787 3785
3790 3788 238
3792 3790 3770
3794 3791 3771
3796 3795 3793
3798 3759 2266
3800 3758 2267
3802 3801 3799
3804 3802 236
3806 3779 3294
3808 3778 3295
3810 3809 3807
3812 3810 238
3814 3812 3804
3816 3813 3805
3818 3817 3815
3820 3819 3797
3822 3755 2220
3824 3823 2315
3826 3825 2242
3828 3824 2243
3830 3829 3827
3832 3830 236
3834 3775 3248
3836 3835 3343
3838 3837 3270
3840 3836 3271
3842 3841 3839
3844 3842 238
3846 3844 3832
3848 3845 3833
3850 3849 3847
3852 3755 2220
3854 3754 2221
3856 3855 3853
3858 3856 236
3860 3775 3248
3862 3774 3249
3864 3863 3861
3866 3864 238
3868 3866 3858
3870 3867 3859
3872 3871 3869
3874 3873 3851
3876 3874 3820
3878 2144 2081
3880 3879 2298
3882 3881 2172
3884 3883 2303
3886 3885 2194
3888 3884 2195
3890 3889 3887
3892 3890 236
3894 3172 3109
3896 3895 3326
3898 3897 3200
3900 3899 3331
3902 3901 3222
3904 3900 3223
3906 3905 3903
3908 3906 238
3910 3908 3892
3912 3909 3893
3914 3913 3911
3916 3881 2172
3918 3880 2173
3920 3919 3917
3922 3920 236
3924 3897 3200
3926 3896 3201
3928 3927 3925
3930 3928 238
3932 3930 3922
3934 3931 3923
3936 3935 3933
3938 3937 3915
3940 2114 2081
3942 3941 2293
3944 3943 2142
3946 3942 2143
3948 3947 3945
3950 3948 236
3952 3142 3109
3954 3953 3321
3956 3955 3170
3958 3954 3171
3960 3959 3957
3962 3960 238
3964 3962 3950
3966 3963 3951
3968 3967 3965
3970 2115 2080
3972 2114 2081
3974 3973 3971
3976 3974 236
3978 3143 3108
3980 3142 3109
3982 3981 3979
3984 3982 238
3986 3984 3976
3988 3985 3977
3990 3989 3987
3992 3991 3969
3994 3992 3938
3996 3994 3876
3998 3996 3750
4000 1888 1747
4002 4001 2054
4004 4003 1958
4006 4005 2064
4008 4007 1992
4010 4009 2069
4012 4011 2026
4014 4010 2027
4016 4015 4013
4018 4016 236
4020 2916 2775
4022 4021 3082
4024 4023 2986
4026 4025 3092
4028 4027 3020
4030 4029 3097
4032 4031 3054
4034 4030 3055
4036 4035 4033
4038 4036 238
4040 4038 4018
4042 4039 4019
4044 4043 4041
4046 4007 1992
4048 4006 1993
4050 4049 4047
4052 4050 236
4054 4027 3020
4056 4026 3021
4058 4057 4055
4060 4058 238
4062 4060 4052
4064 4061 4053
4066 4065 4063
4068 4067 4045
4070 4003 1922
4072 4071 2059
4074 4073 1956
4076 4072 1957
4078 4077 4075
4080 4078 236
4082 4023 2950
4084 4083 3087
4086 4085 2984
4088 4084 2985
4090 4089 4087
4092 4090 238
4094 4092 4080
4096 4093 4081
4098 4097 4095
4100 4003 1922
4102 4002 1923
4104 4103 4101
4106 4104 236
4108 4023 2950
4110 4022 2951
4112 4111 4109
4114 4112 238
4116 4114 4106
4118 4115 4107
4120 4119 4117
4122 4121 4099
4124 4122 4068
4126 1816 1747
4128 4127 2042
4130 4129 1850
4132 4131 2047
4134 4133 1884
4136 4132 1885
4138 4137 4135
4140 4138 236
4142 2844 2775
4144 4143 3070
4146 4145 2878
4148 4147 3075
4150 4149 2912
4152 4148 2913
4154 4153 4151
4156 4154 238
4158 4156 4140
4160 4157 4141
4162 4161 4159
4164 4129 1850
4166 4128 1851
4168 4167 4165
4170 4168 236
4172 4145 2878
4174 4144 2879
4176 4175 4173
4178 4176 238
4180 4178 4170
4182 4179 4171
4184 4183 4181
4186 4185 4163
4188 1780 1747
4190 4189 2037
4192 4191 1814
4194 4190 1815
4196 4195 4193
4198 4196 236
4200 2808 2775
4202 4201 3065
4204 4203 2842
4206 4202 2843
4208 4207 4205
4210 4208 238
4212 4210 4198
4214 4211 4199
4216 4215 4213
4218 1781 1746
4220 1780 1747
4222 4221 4219
4224 4222 236
4226 2809 2774
4228 2808 2775
4230 4229 4227
4232 4230 238
4234 4232 4224
4236 4233 4225
4238 4237 4235
4240 4239 4217
4242 4240 4186
4244 4242 4124
4246 1658 1597
4248 4247 1732
4250 4249 1688
4252 4251 1737
4254 4253 1718
4256 4252 1719
4258 4257 4255
4260 4258 236
4262 2686 2625
4264 4263 2760
4266 4265 2716
4268 4267 2765
4270 4269 2746
4272 4268 2747
4274 4273 4271
4276 4274 238
4278 4276 4260
4280 4277 4261
4282 4281 4279
4284 4249 1688
4286 4248 1689
4288 4287 4285
4290 4288 236
4292 4265 2716
4294 4264 2717
4296 4295 4293
4298 4296 238
4300 4298 4290
4302 4299 4291
4304 4303 4301
4306 4305 4283
4308 1626 1597
4310 4309 1727
4312 4311 1656
4314 4310 1657
4316 4315 4313
4318 4316 236
4320 2654 2625
4322 4321 2755
4324 4323 2684
4326 4322 2685
4328 4327 4325
4330 4328 238
4332 4330 4318
4334 4331 4319
4336 4335 4333
4338 1627 1596
4340 1626 1597
4342 4341 4339
4344 4342 236
4346 2655 2624
4348 2654 2625
4350 4349 4347
4352 4350 238
4354 4352 4344
4356 4353 4345
4358 4357 4355
4360 4359 4337
4362 4360 4306
4364 1556 1531
4366 4365 1589
4368 4367 1582
4370 4366 1583
4372 4371 4369
4374 4372 236
4376 2584 2559
4378 4377 2617
4380 4379 2610
4382 4378 2611
4384 4383 4381
4386 4384 238
4388 4386 4374
4390 4387 4375
4392 4391 4389
4394 1557 1530
4396 1556 1531
4398 4397 4395
4400 4398 236
4402 2585 2558
4404 2584 2559
4406 4405 4403
4408 4406 238
4410 4408 4400
4412 4409 4401
4414 4413 4411
4416 4415 4393
4418 1525 1503
4420 1524 1502
4422 4421 4419
4424 4422 236
4426 2553 2531
4428 2552 2530
4430 4429 4427
4432 4430 238
4434 4432 4424
4436 4433 4425
4438 4437 4435
4440 1500 270
4442 1501 271
4444 4443 4441
4446 4444 236
4448 2528 334
4450 2529 335
4452 4451 4449
4454 4452 238
4456 4454 4446
4458 4455 4447
4460 4459 4457
4462 4461 4439
4464 4462 4416
4466 4464 4362
4468 4466 4244
4470 4468 3998
4472 4471 572
4474 601 581
4476 639 621
4478 4476 4474
4480 679 661
4482 717 699
4484 4482 4480
4486 4484 4478
4488 759 741
4490 797 779
4492 4490 4488
4494 837 819
4496 875 857
4498 4496 4494
4500 4498 4492
4502 4500 4486
4504 4503 572
4506 913 899
4508 951 933
4510 4508 4506
4512 991 973
4514 1029 1011
4516 4514 4512
4518 4516 4510
4520 1071 1053
4522 1109 1091
4524 4522 4520
4526 1149 1131
4528 1187 1169
4530 4528 4526
4532 4530 4524
4534 4532 4518
4536 4535 572
4538 1297 1273
4540 1337 1321
4542 4540 4538
4544 4542 1257
4546 4545 572
4548 3559 2517
4550 3613 3587
4552 4550 4548
4554 3677 3647
4556 3731 3705
4558 4556 4554
4560 4558 4552
4562 3805 3771
4564 3859 3833
4566 4564 4562
4568 3923 3893
4570 3977 3951
4572 4570 4568
4574 4572 4566
4576 4574 4560
4578 4053 4019
4580 4107 4081
4582 4580 4578
4584 4171 4141
4586 4225 4199
4588 4586 4584
4590 4588 4582
4592 4291 4261
4594 4345 4319
4596 4594 4592
4598 4401 4375
4600 4447 4425
4602 4600 4598
4604 4602 4596
4606 4604 4590
4608 4606 4576
4610 4609 572
4612 607 589
4614 645 627
4616 4614 4612
4618 685 667
4620 723 705
4622 4620 4618
4624 4622 4616
4626 765 747
4628 803 785
4630 4628 4626
4632 843 825
4634 881 863
4636 4634 4632
4638 4636 4630
4640 4638 4624
4642 4641 572
4644 919 901
4646 957 939
4648 4646 4644
4650 997 979
4652 1035 1017
4654 4652 4650
4656 4654 4648
4658 1077 1059
4660 1115 1097
4662 4660 4658
4664 1155 1137
4666 1193 1175
4668 4666 4664
4670 4668 4662
4672 4670 4656
4674 4673 572
4676 1305 1283
4678 1339 1329
4680 4678 4676
4682 4680 1243
4684 4683 572
4686 3567 3545
4688 3621 3599
4690 4688 4686
4692 3685 3663
4694 3739 3717
4696 4694 4692
4698 4696 4690
4700 3813 3791
4702 3867 3845
4704 4702 4700
4706 3931 3909
4708 3985 3963
4710 4708 4706
4712 4710 4704
4714 4712 4698
4716 4061 4039
4718 4115 4093
4720 4718 4716
4722 4179 4157
4724 4233 4211
4726 4724 4722
4728 4726 4720
4730 4299 4277
4732 4353 4331
4734 4732 4730
4736 4409 4387
4738 4455 4433
4740 4738 4736
4742 4740 4734
4744 4742 4728
4746 4744 4714
4748 4747 572
4750 266 264
4752 267 265
4754 4753 4751
4756 4754 572
4758 4756 1
4760 236 101
4762 4760 239
4764 237 101
4766 4764 238
4768 170 104
4770 4768 264
4772 105 101
4774 4772 136
4776 107 101
4778 4776 138
4780 109 101
4782 4780 140
4784 111 101
4786 4784 142
4788 113 101
4790 4788 144
4792 115 101
4794 4792 146
4796 117 101
4798 4796 148
4800 119 101
4802 4800 150
4804 121 101
4806 4804 152
4808 123 101
4810 4808 154
4812 125 101
4814 4812 156
4816 127 101
4818 4816 158
4820 129 101
4822 4820 160
4824 131 101
4826 4824 162
4828 133 101
4830 4828 164
4832 135 101
4834 4832 166
4836 106 101
4838 4836 139
4840 108 101
4842 4840 141
4844 110 101
4846 4844 143
4848 112 101
4850 4848 145
4852 114 101
4854 4852 147
4856 116 101
4858 4856 149
4860 118 101
4862 4860 151
4864 120 101
4866 4864 153
4868 122 101
4870 4868 155
4872 124 101
4874 4872 157
4876 126 101
4878 4876 159
4880 128 101
4882 4880 161
4884 130 101
4886 4884 163
4888 132 101
4890 4888 165
4892 134 101
4894 4892 167
4896 104 101
4898 4896 137
4900 150 101
4902 4900 199
4904 4902 230
4906 140 101
4908 4906 201
4910 4908 232
4912 116 101
4914 4912 172
4916 4914 205
4918 132 101
4920 4918 170
4922 4920 203
4924 156 101
4926 4924 197
4928 4926 228
4930 116 101
4932 4930 198
4934 4932 231
4936 142 101
4938 4936 193
4940 4938 224
4942 126 101
4944 4942 190
4946 4944 223
4948 150 101
4950 4948 171
4952 4950 202
4954 120 101
4956 4954 194
4958 4956 227
4960 136 101
4962 4960 197
4964 4962 228
4966 166 101
4968 4966 173
4970 4968 204
4972 148 101
4974 4972 195
4976 4974 226
4978 120 101
4980 4978 174
4982 4980 207
4984 116 101
4986 4984 178
4988 4986 211
4990 122 101
4992 4990 192
4994 4992 225
4996 106 101
4998 4996 176
5000 4998 209
5002 156 101
5004 5002 201
5006 5004 232
5008 164 101
5010 5008 191
5012 5010 222
5014 160 101
5016 5014 183
5018 5016 214
5020 138 101
5022 5020 185
5024 5022 216
5026 150 101
5028 5026 197
5030 5028 228
5032 142 101
5034 5032 173
5036 5034 204
5038 160 101
5040 5038 199
5042 5040 230
5044 146 101
5046 5044 181
5048 5046 212
5050 116 101
5052 5050 180
5054 5052 213
5056 118 101
5058 5056 190
5060 5058 223
5062 114 101
5064 5062 182
5066 5064 215
5068 160 101
5070 5068 191
5072 5070 222
5074 162 101
5076 5074 187
5078 5076 218
5080 142 101
5082 5080 183
5084 5082 214
5086 144 101
5088 5086 171
5090 5088 202
5092 166 101
5094 5092 185
5096 5094 216
5098 152 101
5100 5098 195
5102 5100 226
5104 110 101
5106 5104 174
5108 5106 207
5110 148 101
5112 5110 183
5114 5112 214
5116 144 101
5118 5116 187
5120 5118 218
5122 134 101
5124 5122 174
5126 5124 207
5128 154 101
5130 5128 193
5132 5130 224
5134 146 101
5136 5134 171
5138 5136 202
5140 118 101
5142 5140 176
5144 5142 209
5146 148 101
5148 5146 175
5150 5148 206
5152 150 101
5154 5152 185
5156 5154 216
5158 104 101
5160 5158 190
5162 5160 223
5164 136 101
5166 5164 199
5168 5166 230
5170 112 101
5172 5170 196
5174 5172 229
5176 164 101
5178 5176 177
5180 5178 208
5182 154 101
5184 5182 183
5186 5184 214
5188 166 101
5190 5188 171
5192 5190 202
5194 144 101
5196 5194 183
5198 5196 214
5200 112 101
5202 5200 192
5204 5202 225
5206 158 101
5208 5206 171
5210 5208 202
5212 130 101
5214 5212 198
5216 5214 231
5218 110 101
5220 5218 182
5222 5220 215
5224 138 101
5226 5224 201
5228 5226 232
5230 114 101
5232 5230 194
5234 5232 227
5236 128 101
5238 5236 188
5240 5238 221
5242 106 101
5244 5242 198
5246 5244 231
5248 114 101
5250 5248 172
5252 5250 205
5254 140 101
5256 5254 171
5258 5256 202
5260 126 101
5262 5260 178
5264 5262 211
5266 146 101
5268 5266 179
5270 5268 210
5272 116 101
5274 5272 186
5276 5274 219
5278 122 101
5280 5278 200
5282 5280 233
5284 162 101
5286 5284 173
5288 5286 204
5290 106 101
5292 5290 192
5294 5292 225
5296 120 101
5298 5296 186
5300 5298 219
5302 164 101
5304 5302 173
5306 5304 204
5308 152 101
5310 5308 171
5312 5310 202
5314 156 101
5316 5314 191
5318 5316 222
5320 120 101
5322 5320 192
5324 5322 225
5326 120 101
5328 5326 170
5330 5328 203
5332 116 101
5334 5332 200
5336 5334 233
5338 134 101
5340 5338 176
5342 5340 209
5344 148 101
5346 5344 171
5348 5346 202
5350 162 101
5352 5350 199
5354 5352 230
5356 130 101
5358 5356 200
5360 5358 233
5362 134 101
5364 5362 190
5366 5364 223
5368 160 101
5370 5368 171
5372 5370 202
5374 120 101
5376 5374 176
5378 5376 209
5380 164 101
5382 5380 179
5384 5382 210
5386 118 101
5388 5386 192
5390 5388 225
5392 126 101
5394 5392 196
5396 5394 229
5398 104 101
5400 5398 188
5402 5400 221
5404 128 101
5406 5404 198
5408 5406 231
5410 108 101
5412 5410 182
5414 5412 215
5416 150 101
5418 5416 175
5420 5418 206
5422 150 101
5424 5422 201
5426 5424 232
5428 114 101
5430 5428 170
5432 5430 203
5434 162 101
5436 5434 185
5438 5436 216
5440 156 101
5442 5440 193
5444 5442 224
5446 166 101
5448 5446 179
5450 5448 210
5452 116 101
5454 5452 190
5456 5454 223
5458 122 101
5460 5458 196
5462 5460 229
5464 154 101
5466 5464 177
5468 5466 208
5470 120 101
5472 5470 182
5474 5472 215
5476 136 101
5478 5476 181
5480 5478 212
5482 132 101
5484 5482 178
5486 5484 211
5488 128 101
5490 5488 174
5492 5490 207
5494 110 101
5496 5494 170
5498 5496 203
5500 110 101
5502 5500 196
5504 5502 229
5506 148 101
5508 5506 181
5510 5508 212
5512 166 101
5514 5512 189
5516 5514 220
5518 144 101
5520 5518 181
5522 5520 212
5524 144 101
5526 5524 175
5528 5526 206
5530 122 101
5532 5530 180
5534 5532 213
5536 158 101
5538 5536 191
5540 5538 222
5542 150 101
5544 5542 179
5546 5544 210
5548 122 101
5550 5548 194
5552 5550 227
5554 106 101
5556 5554 194
5558 5556 227
5560 166 101
5562 5560 201
5564 5562 232
5566 154 101
5568 5566 185
5570 5568 216
5572 136 101
5574 5572 183
5576 5574 214
5578 146 101
5580 5578 177
5582 5580 208
5584 150 101
5586 5584 191
5588 5586 222
5590 154 101
5592 5590 199
5594 5592 230
5596 110 101
5598 5596 192
5600 5598 225
5602 128 101
5604 5602 170
5606 5604 203
5608 164 101
5610 5608 197
5612 5610 228
5614 164 101
5616 5614 195
5618 5616 226
5620 120 101
5622 5620 172
5624 5622 205
5626 108 101
5628 5626 174
5630 5628 207
5632 150 101
5634 5632 181
5636 5634 212
5638 140 101
5640 5638 183
5642 5640 214
5644 142 101
5646 5644 179
5648 5646 210
5650 124 101
5652 5650 198
5654 5652 231
5656 156 101
5658 5656 185
5660 5658 216
5662 160 101
5664 5662 187
5666 5664 218
5668 124 101
5670 5668 172
5672 5670 205
5674 110 101
5676 5674 194
5678 5676 227
5680 134 101
5682 5680 172
5684 5682 205
5686 130 101
5688 5686 174
5690 5688 207
5692 118 101
5694 5692 184
5696 5694 217
5698 166 101
5700 5698 191
5702 5700 222
5704 166 101
5706 5704 181
5708 5706 212
5710 108 101
5712 5710 170
5714 5712 203
5716 140 101
5718 5716 193
5720 5718 224
5722 158 101
5724 5722 175
5726 5724 206
5728 148 101
5730 5728 187
5732 5730 218
5734 104 101
5736 5734 170
5738 5736 203
5740 152 101
5742 5740 185
5744 5742 216
5746 104 101
5748 5746 180
5750 5748 213
5752 154 101
5754 5752 189
5756 5754 220
5758 132 101
5760 5758 172
5762 5760 205
5764 140 101
5766 5764 187
5768 5766 218
5770 154 101
5772 5770 171
5774 5772 202
5776 140 101
5778 5776 191
5780 5778 222
5782 126 101
5784 5782 194
5786 5784 227
5788 162 101
5790 5788 175
5792 5790 206
5794 158 101
5796 5794 201
5798 5796 232
5800 108 101
5802 5800 194
5804 5802 227
5806 140 101
5808 5806 181
5810 5808 212
5812 144 101
5814 5812 201
5816 5814 232
5818 158 101
5820 5818 189
5822 5820 220
5824 158 101
5826 5824 195
5828 5826 226
5830 146 101
5832 5830 175
5834 5832 206
5836 142 101
5838 5836 199
5840 5838 230
5842 138 101
5844 5842 181
5846 5844 212
5848 130 101
5850 5848 180
5852 5850 213
5854 134 101
5856 5854 184
5858 5856 217
5860 162 101
5862 5860 171
5864 5862 202
5866 118 101
5868 5866 196
5870 5868 229
5872 134 101
5874 5872 180
5876 5874 213
5878 158 101
5880 5878 181
5882 5880 212
5884 142 101
5886 5884 181
5888 5886 212
5890 148 101
5892 5890 191
5894 5892 222
5896 150 101
5898 5896 187
5900 5898 218
5902 142 101
5904 5902 185
5906 5904 216
5908 164 101
5910 5908 201
5912 5910 232
5914 162 101
5916 5914 201
5918 5916 232
5920 118 101
5922 5920 194
5924 5922 227
5926 154 101
5928 5926 201
5930 5928 232
5932 108 101
5934 5932 172
5936 5934 205
5938 106 101
5940 5938 190
5942 5940 223
5944 108 101
5946 5944 200
5948 5946 233
5950 162 101
5952 5950 177
5954 5952 208
5956 166 101
5958 5956 197
5960 5958 228
5962 162 101
5964 5962 197
5966 5964 228
5968 156 101
5970 5968 179
5972 5970 210
5974 152 101
5976 5974 189
5978 5976 220
5980 148 101
5982 5980 179
5984 5982 210
5986 156 101
5988 5986 173
5990 5988 204
5992 136 101
5994 5992 193
5996 5994 224
5998 132 101
6000 5998 196
6002 6000 229
6004 112 101
6006 6004 188
6008 6006 221
6010 140 101
6012 6010 199
6014 6012 230
6016 152 101
6018 6016 183
6020 6018 214
6022 132 101
6024 6022 192
6026 6024 225
6028 132 101
6030 6028 194
6032 6030 227
6034 142 101
6036 6034 175
6038 6036 206
6040 160 101
6042 6040 179
6044 6042 210
6046 132 101
6048 6046 180
6050 6048 213
6052 158 101
6054 6052 187
6056 6054 218
6058 152 101
6060 6058 201
6062 6060 232
6064 144 101
6066 6064 179
6068 6066 210
6070 122 101
6072 6070 188
6074 6072 221
6076 158 101
6078 6076 199
6080 6078 230
6082 166 101
6084 6082 175
6086 6084 206
6088 104 101
6090 6088 198
6092 6090 231
6094 130 101
6096 6094 170
6098 6096 203
6100 122 101
6102 6100 172
6104 6102 205
6106 124 101
6108 6106 184
6110 6108 217
6112 146 101
6114 6112 191
6116 6114 222
6118 154 101
6120 6118 187
6122 6120 218
6124 126 101
6126 6124 200
6128 6126 233
6130 128 101
6132 6130 176
6134 6132 209
6136 118 101
6138 6136 188
6140 6138 221
6142 108 101
6144 6142 186
6146 6144 219
6148 134 101
6150 6148 192
6152 6150 225
6154 126 101
6156 6154 182
6158 6156 215
6160 128 101
6162 6160 192
6164 6162 225
6166 162 101
6168 6166 179
6170 6168 210
6172 142 101
6174 6172 197
6176 6174 228
6178 150 101
6180 6178 173
6182 6180 204
6184 148 101
6186 6184 201
6188 6186 232
6190 122 101
6192 6190 174
6194 6192 207
6196 112 101
6198 6196 186
6200 6198 219
6202 108 101
6204 6202 178
6206 6204 211
6208 112 101
6210 6208 176
6212 6210 209
6214 120 101
6216 6214 178
6218 6216 211
6220 130 101
6222 6220 178
6224 6222 211
6226 124 101
6228 6226 186
6230 6228 219
6232 110 101
6234 6232 184
6236 6234 217
6238 138 101
6240 6238 171
6242 6240 202
6244 154 101
6246 6244 191
6248 6246 222
6250 130 101
6252 6250 196
6254 6252 229
6256 136 101
6258 6256 201
6260 6258 232
6262 104 101
6264 6262 186
6266 6264 219
6268 156 101
6270 6268 177
6272 6270 208
6274 116 101
6276 6274 176
6278 6276 209
6280 154 101
6282 6280 175
6284 6282 206
6286 126 101
6288 6286 192
6290 6288 225
6292 124 101
6294 6292 174
6296 6294 207
6298 106 101
6300 6298 186
6302 6300 219
6304 152 101
6306 6304 175
6308 6306 206
6310 114 101
6312 6310 196
6314 6312 229
6316 108 101
6318 6316 198
6320 6318 231
6322 164 101
6324 6322 181
6326 6324 212
6328 144 101
6330 6328 177
6332 6330 208
6334 146 101
6336 6334 173
6338 6336 204
6340 126 101
6342 6340 188
6344 6342 221
6346 132 101
6348 6346 176
6350 6348 209
6352 158 101
6354 6352 197
6356 6354 228
6358 124 101
6360 6358 188
6362 6360 221
6364 140 101
6366 6364 189
6368 6366 220
6370 120 101
6372 6370 184
6374 6372 217
6376 166 101
6378 6376 199
6380 6378 230
6382 124 101
6384 6382 178
6386 6384 211
6388 150 101
6390 6388 177
6392 6390 208
6394 164 101
6396 6394 189
6398 6396 220
6400 114 101
6402 6400 176
6404 6402 209
6406 124 101
6408 6406 180
6410 6408 213
6412 132 101
6414 6412 200
6416 6414 233
6418 156 101
6420 6418 195
6422 6420 226
6424 142 101
6426 6424 191
6428 6426 222
6430 114 101
6432 6430 180
6434 6432 213
6436 118 101
6438 6436 198
6440 6438 231
6442 150 101
6444 6442 195
6446 6444 226
6448 112 101
6450 6448 170
6452 6450 203
6454 106 101
6456 6454 170
6458 6456 203
6460 114 101
6462 6460 192
6464 6462 225
6466 114 101
6468 6466 198
6470 6468 231
6472 130 101
6474 6472 190
6476 6474 223
6478 164 101
6480 6478 171
6482 6480 202
6484 108 101
6486 6484 192
6488 6486 225
6490 136 101
6492 6490 187
6494 6492 218
6496 118 101
6498 6496 200
6500 6498 233
6502 152 101
6504 6502 193
6506 6504 224
6508 112 101
6510 6508 182
6512 6510 215
6514 120 101
6516 6514 180
6518 6516 213
6520 106 101
6522 6520 180
6524 6522 213
6526 134 101
6528 6526 170
6530 6528 203
6532 108 101
6534 6532 188
6536 6534 221
6538 160 101
6540 6538 189
6542 6540 220
6544 146 101
6546 6544 183
6548 6546 214
6550 134 101
6552 6550 194
6554 6552 227
6556 158 101
6558 6556 183
6560 6558 214
6562 150 101
6564 6562 183
6566 6564 214
6568 130 101
6570 6568 172
6572 6570 205
6574 152 101
6576 6574 199
6578 6576 230
6580 152 101
6582 6580 187
6584 6582 218
6586 152 101
6588 6586 179
6590 6588 210
6592 108 101
6594 6592 196
6596 6594 229
6598 162 101
6600 6598 195
6602 6600 226
6604 160 101
6606 6604 177
6608 6606 208
6610 146 101
6612 6610 201
6614 6612 232
6616 116 101
6618 6616 174
6620 6618 207
6622 114 101
6624 6622 188
6626 6624 221
6628 162 101
6630 6628 181
6632 6630 212
6634 140 101
6636 6634 173
6638 6636 204
6640 120 101
6642 6640 188
6644 6642 221
6646 152 101
6648 6646 191
6650 6648 222
6652 106 101
6654 6652 178
6656 6654 211
6658 134 101
6660 6658 182
6662 6660 215
6664 110 101
6666 6664 180
6668 6666 213
6670 106 101
6672 6670 200
6674 6672 233
6676 136 101
6678 6676 177
6680 6678 208
6682 144 101
6684 6682 199
6686 6684 230
6688 128 101
6690 6688 194
6692 6690 227
6694 130 101
6696 6694 186
6698 6696 219
6700 122 101
6702 6700 190
6704 6702 223
6706 114 101
6708 6706 174
6710 6708 207
6712 124 101
6714 6712 196
6716 6714 229
6718 144 101
6720 6718 173
6722 6720 204
6724 112 101
6726 6724 184
6728 6726 217
6730 142 101
6732 6730 177
6734 6732 208
6736 104 101
6738 6736 184
6740 6738 217
6742 148 101
6744 6742 185
6746 6744 216
6748 104 101
6750 6748 178
6752 6750 211
6754 116 101
6756 6754 182
6758 6756 215
6760 164 101
6762 6760 187
6764 6762 218
6766 156 101
6768 6766 171
6770 6768 202
6772 104 101
6774 6772 196
6776 6774 229
6778 142 101
6780 6778 201
6782 6780 232
6784 124 101
6786 6784 194
6788 6786 227
6790 134 101
6792 6790 178
6794 6792 211
6796 126 101
6798 6796 180
6800 6798 213
6802 138 101
6804 6802 179
6806 6804 210
6808 106 101
6810 6808 182
6812 6810 215
6814 156 101
6816 6814 199
6818 6816 230
6820 122 101
6822 6820 176
6824 6822 209
6826 124 101
6828 6826 182
6830 6828 215
6832 132 101
6834 6832 188
6836 6834 221
6838 160 101
6840 6838 195
6842 6840 226
6844 134 101
6846 6844 198
6848 6846 231
6850 156 101
6852 6850 189
6854 6852 220
6856 128 101
6858 6856 200
6860 6858 233
6862 114 101
6864 6862 178
6866 6864 211
6868 138 101
6870 6868 197
6872 6870 228
6874 146 101
6876 6874 195
6878 6876 226
6880 132 101
6882 6880 198
6884 6882 231
6886 136 101
6888 6886 191
6890 6888 222
6892 164 101
6894 6892 185
6896 6894 216
6898 146 101
6900 6898 189
6902 6900 220
6904 138 101
6906 6904 183
6908 6906 214
6910 104 101
6912 6910 172
6914 6912 205
6916 148 101
6918 6916 197
6920 6918 228
6922 122 101
6924 6922 170
6926 6924 203
6928 114 101
6930 6928 184
6932 6930 217
6934 116 101
6936 6934 188
6938 6936 221
6940 154 101
6942 6940 173
6944 6942 204
6946 164 101
6948 6946 175
6950 6948 206
6952 134 101
6954 6952 188
6956 6954 221
6958 138 101
6960 6958 189
6962 6960 220
6964 134 101
6966 6964 186
6968 6966 219
6970 110 101
6972 6970 176
6974 6972 209
6976 148 101
6978 6976 199
6980 6978 230
6982 112 101
6984 6982 180
6986 6984 213
6988 140 101
6990 6988 175
6992 6990 206
6994 138 101
6996 6994 177
6998 6996 208
7000 114 101
7002 7000 200
7004 7002 233
7006 164 101
7008 7006 183
7010 7008 214
7012 142 101
7014 7012 195
7016 7014 226
7018 108 101
7020 7018 180
7022 7020 213
7024 144 101
7026 7024 193
7028 7026 224
7030 138 101
7032 7030 199
7034 7032 230
7036 144 101
7038 7036 195
7040 7038 226
7042 124 101
7044 7042 200
7046 7044 233
7048 112 101
7050 7048 198
7052 7050 231
7054 132 101
7056 7054 182
7058 7056 215
7060 132 101
7062 7060 184
7064 7062 217
7066 130 101
7068 7066 194
7070 7068 227
7072 162 101
7074 7072 193
7076 7074 224
7078 156 101
7080 7078 183
7082 7080 214
7084 118 101
7086 7084 180
7088 7086 213
7090 160 101
7092 7090 175
7094 7092 206
7096 130 101
7098 7096 188
7100 7098 221
7102 138 101
7104 7102 187
7106 7104 218
7108 134 101
7110 7108 200
7112 7110 233
7114 110 101
7116 7114 190
7118 7116 223
7120 116 101
7122 7120 170
7124 7122 203
7126 122 101
7128 7126 182
7130 7128 215
7132 150 101
7134 7132 193
7136 7134 224
7138 106 101
7140 7138 184
7142 7140 217
7144 114 101
7146 7144 186
7148 7146 219
7150 120 101
7152 7150 190
7154 7152 223
7156 158 101
7158 7156 193
7160 7158 224
7162 146 101
7164 7162 199
7166 7164 230
7168 144 101
7170 7168 185
7172 7170 216
7174 136 101
7176 7174 179
7178 7176 210
7180 144 101
7182 7180 197
7184 7182 228
7186 166 101
7188 7186 183
7190 7188 214
7192 128 101
7194 7192 184
7196 7194 217
7198 122 101
7200 7198 186
7202 7200 219
7204 106 101
7206 7204 174
7208 7206 207
7210 126 101
7212 7210 172
7214 7212 205
7216 156 101
7218 7216 187
7220 7218 218
7222 110 101
7224 7222 172
7226 7224 205
7228 154 101
7230 7228 195
7232 7230 226
7234 108 101
7236 7234 184
7238 7236 217
7240 132 101
7242 7240 186
7244 7242 219
7246 130 101
7248 7246 192
7250 7248 225
7252 128 101
7254 7252 190
7256 7254 223
7258 120 101
7260 7258 196
7262 7260 229
7264 148 101
7266 7264 173
7268 7266 204
7270 104 101
7272 7270 192
7274 7272 225
7276 158 101
7278 7276 173
7280 7278 204
7282 112 101
7284 7282 190
7286 7284 223
7288 138 101
7290 7288 191
7292 7290 222
7294 104 101
7296 7294 182
7298 7296 215
7300 110 101
7302 7300 200
7304 7302 233
7306 158 101
7308 7306 179
7310 7308 210
7312 106 101
7314 7312 188
7316 7314 221
7318 124 101
7320 7318 192
7322 7320 225
7324 146 101
7326 7324 193
7328 7326 224
7330 140 101
7332 7330 197
7334 7332 228
7336 112 101
7338 7336 178
7340 7338 211
7342 104 101
7344 7342 194
7346 7344 227
7348 120 101
7350 7348 198
7352 7350 231
7354 106 101
7356 7354 196
7358 7356 229
7360 132 101
7362 7360 190
7364 7362 223
7366 144 101
7368 7366 189
7370 7368 220
7372 136 101
7374 7372 173
7376 7374 204
7378 160 101
7380 7378 197
7382 7380 228
7384 166 101
7386 7384 187
7388 7386 218
7390 128 101
7392 7390 180
7394 7392 213
7396 126 101
7398 7396 170
7400 7398 203
7402 136 101
7404 7402 185
7406 7404 216
7408 166 101
7410 7408 195
7412 7410 226
7414 144 101
7416 7414 191
7418 7416 222
7420 154 101
7422 7420 179
7424 7422 210
7426 138 101
7428 7426 175
7430 7428 206
7432 130 101
7434 7432 176
7436 7434 209
7438 134 101
7440 7438 196
7442 7440 229
7444 118 101
7446 7444 172
7448 7446 205
7450 116 101
7452 7450 196
7454 7452 229
7456 140 101
7458 7456 179
7460 7458 210
7462 158 101
7464 7462 185
7466 7464 216
7468 154 101
7470 7468 181
7472 7470 212
7474 106 101
7476 7474 172
7478 7476 205
7480 128 101
7482 7480 186
7484 7482 219
7486 132 101
7488 7486 174
7490 7488 207
7492 116 101
7494 7492 184
7496 7494 217
7498 138 101
7500 7498 195
7502 7500 226
7504 156 101
7506 7504 175
7508 7506 206
7510 126 101
7512 7510 198
7514 7512 231
7516 104 101
7518 7516 174
7520 7518 207
7522 140 101
7524 7522 177
7526 7524 208
7528 154 101
7530 7528 197
7532 7530 228
7534 118 101
7536 7534 182
7538 7536 215
7540 140 101
7542 7540 185
7544 7542 216
7546 136 101
7548 7546 175
7550 7548 206
7552 122 101
7554 7552 184
7556 7554 217
7558 110 101
7560 7558 186
7562 7560 219
7564 142 101
7566 7564 189
7568 7566 220
7570 128 101
7572 7570 182
7574 7572 215
7576 138 101
7578 7576 193
7580 7578 224
7582 112 101
7584 7582 194
7586 7584 227
7588 148 101
7590 7588 177
7592 7590 208
7594 110 101
7596 7594 178
7598 7596 211
7600 110 101
7602 7600 188
7604 7602 221
7606 146 101
7608 7606 185
7610 7608 216
7612 108 101
7614 7612 190
7616 7614 223
7618 160 101
7620 7618 201
7622 7620 232
7624 112 101
7626 7624 172
7628 7626 205
7630 160 101
7632 7630 185
7634 7632 216
7636 126 101
7638 7636 174
7640 7638 207
7642 128 101
7644 7642 196
7646 7644 229
7648 126 101
7650 7648 186
7652 7650 219
7654 128 101
7656 7654 178
7658 7656 211
7660 112 101
7662 7660 174
7664 7662 207
7666 120 101
7668 7666 200
7670 7668 233
7672 124 101
7674 7672 170
7676 7674 203
7678 118 101
7680 7678 170
7682 7680 203
7684 142 101
7686 7684 171
7688 7686 202
7690 108 101
7692 7690 176
7694 7692 209
7696 104 101
7698 7696 176
7700 7698 209
7702 128 101
7704 7702 172
7706 7704 205
7708 160 101
7710 7708 173
7712 7710 204
7714 118 101
7716 7714 178
7718 7716 211
7720 152 101
7722 7720 177
7724 7722 208
7726 166 101
7728 7726 193
7730 7728 224
7732 126 101
7734 7732 176
7736 7734 209
7738 116 101
7740 7738 192
7742 7740 225
7744 166 101
7746 7744 177
7748 7746 208
7750 146 101
7752 7750 197
7754 7752 228
7756 124 101
7758 7756 176
7760 7758 209
7762 116 101
7764 7762 194
7766 7764 227
7768 136 101
7770 7768 195
7772 7770 226
7774 142 101
7776 7774 187
7778 7776 218
7780 118 101
7782 7780 174
7784 7782 207
7786 152 101
7788 7786 181
7790 7788 212
7792 124 101
7794 7792 190
7796 7794 223
7798 158 101
7800 7798 177
7802 7800 208
7804 104 101
7806 7804 200
7808 7806 233
7810 130 101
7812 7810 182
7814 7812 215
7816 146 101
7818 7816 187
7820 7818 218
7822 164 101
7824 7822 199
7826 7824 230
7828 160 101
7830 7828 181
7832 7830 212
7834 140 101
7836 7834 195
7838 7836 226
7840 164 101
7842 7840 193
7844 7842 224
7846 112 101
7848 7846 200
7850 7848 233
7852 122 101
7854 7852 178
7856 7854 211
7858 152 101
7860 7858 197
7862 7860 228
7864 130 101
7866 7864 184
7868 7866 217
7870 148 101
7872 7870 189
7874 7872 220
7876 162 101
7878 7876 183
7880 7878 214
7882 136 101
7884 7882 171
7886 7884 202
7888 122 101
7890 7888 198
7892 7890 231
7894 138 101
7896 7894 173
7898 7896 204
7900 118 101
7902 7900 186
7904 7902 219
7906 110 101
7908 7906 198
7910 7908 231
7912 162 101
7914 7912 191
7916 7914 222
7918 162 101
7920 7918 189
7922 7920 220
7924 152 101
7926 7924 173
7928 7926 204
7930 136 101
7932 7930 189
7934 7932 220
7936 126 101
7938 7936 184
7940 7938 217
7942 160 101
7944 7942 193
7946 7944 224
7948 150 101
7950 7948 189
7952 7950 220
7954 114 101
7956 7954 190
7958 7956 223
7960 148 101
7962 7960 193
7964 7962 224
7966 156 101
7968 7966 181
7970 7968 212
7972 266 232
7974 4767 4763
7976 7974 4771
7978 7976 4775
7980 7978 4779
7982 7980 4783
7984 7982 4787
7986 7984 4791
7988 7986 4795
7990 7988 4799
7992 7990 4803
7994 7992 4807
7996 7994 4811
7998 7996 4815
8000 7998 4819
8002 8000 4823
8004 8002 4827
8006 8004 4831
8008 8006 4835
8010 8008 4839
8012 8010 4843
8014 8012 4847
8016 8014 4851
8018 8016 4855
8020 8018 4859
8022 8020 4863
8024 8022 4867
8026 8024 4871
8028 8026 4875
8030 8028 4879
8032 8030 4883
8034 8032 4887
8036 8034 4891
8038 8036 4895
8040 8038 4899
8042 8040 4905
8044 8042 4911
8046 8044 4917
8048 8046 4923
8050 8048 4929
8052 8050 4935
8054 8052 4941
8056 8054 4947
8058 8056 4953
8060 8058 4959
8062 8060 4965
8064 8062 4971
8066 8064 4977
8068 8066 4983
8070 8068 4989
8072 8070 4995
8074 8072 5001
8076 8074 5007
8078 8076 5013
8080 8078 5019
8082 8080 5025
8084 8082 5031
8086 8084 5037
8088 8086 5043
8090 8088 5049
8092 8090 5055
8094 8092 5061
8096 8094 5067
8098 8096 5073
8100 8098 5079
8102 8100 5085
8104 8102 5091
8106 8104 5097
8108 8106 5103
8110 8108 5109
8112 8110 5115
8114 8112 5121
8116 8114 5127
8118 8116 5133
8120 8118 5139
8122 8120 5145
8124 8122 5151
8126 8124 5157
8128 8126 5163
8130 8128 5169
8132 8130 5175
8134 8132 5181
8136 8134 5187
8138 8136 5193
8140 8138 5199
8142 8140 5205
8144 8142 5211
8146 8144 5217
8148 8146 5223
8150 8148 5229
8152 8150 5235
8154 8152 5241
8156 8154 5247
8158 8156 5253
8160 8158 5259
8162 8160 5265
8164 8162 5271
8166 8164 5277
8168 8166 5283
8170 8168 5289
8172 8170 5295
8174 8172 5301
8176 8174 5307
8178 8176 5313
8180 8178 5319
8182 8180 5325
8184 8182 5331
8186 8184 5337
8188 8186 5343
8190 8188 5349
8192 8190 5355
8194 8192 5361
8196 8194 5367
8198 8196 5373
8200 8198 5379
8202 8200 5385
8204 8202 5391
8206 8204 5397
8208 8206 5403
8210 8208 5409
8212 8210 5415
8214 8212 5421
8216 8214 5427
8218 8216 5433
8220 8218 5439
8222 8220 5445
8224 8222 5451
8226 8224 5457
8228 8226 5463
8230 8228 5469
8232 8230 5475
8234 8232 5481
8236 8234 5487
8238 8236 5493
8240 8238 5499
8242 8240 5505
8244 8242 5511
8246 8244 5517
8248 8246 5523
8250 8248 5529
8252 8250 5535
8254 8252 5541
8256 8254 5547
8258 8256 5553
8260 8258 5559
8262 8260 5565
8264 8262 5571
8266 8264 5577
8268 8266 5583
8270 8268 5589
8272 8270 5595
8274 8272 5601
8276 8274 5607
8278 8276 5613
8280 8278 5619
8282 8280 5625
8284 8282 5631
8286 8284 5637
8288 8286 5643
8290 8288 5649
8292 8290 5655
8294 8292 5661
8296 8294 5667
8298 8296 5673
8300 8298 5679
8302 8300 5685
8304 8302 5691
8306 8304 5697
8308 8306 5703
8310 8308 5709
8312 8310 5715
8314 8312 5721
8316 8314 5727
8318 8316 5733
8320 8318 5739
8322 8320 5745
8324 8322 5751
8326 8324 5757
8328 8326 5763
8330 8328 5769
8332 8330 5775
8334 8332 5781
8336 8334 5787
8338 8336 5793
8340 8338 5799
8342 8340 5805
8344 8342 5811
8346 8344 5817
8348 8346 5823
8350 8348 5829
8352 8350 5835
8354 8352 5841
8356 8354 5847
8358 8356 5853
8360 8358 5859
8362 8360 5865
8364 8362 5871
8366 8364 5877
8368 8366 5883
8370 8368 5889
8372 8370 5895
8374 8372 5901
8376 8374 5907
8378 8376 5913
8380 8378 5919
8382 8380 5925
8384 8382 5931
8386 8384 5937
8388 8386 5943
8390 8388 5949
8392 8390 5955
8394 8392 5961
8396 8394 5967
8398 8396 5973
8400 8398 5979
8402 8400 5985
8404 8402 5991
8406 8404 5997
8408 8406 6003
8410 8408 6009
8412 8410 6015
8414 8412 6021
8416 8414 6027
8418 8416 6033
8420 8418 6039
8422 8420 6045
8424 8422 6051
8426 8424 6057
8428 8426 6063
8430 8428 6069
8432 8430 6075
8434 8432 6081
8436 8434 6087
8438 8436 6093
8440 8438 6099
8442 8440 6105
8444 8442 6111
8446 8444 6117
8448 8446 6123
8450 8448 6129
8452 8450 6135
8454 8452 6141
8456 8454 6147
8458 8456 6153
8460 8458 6159
8462 8460 6165
8464 8462 6171
8466 8464 6177
8468 8466 6183
8470 8468 6189
8472 8470 6195
8474 8472 6201
8476 8474 6207
8478 8476 6213
8480 8478 6219
8482 8480 6225
8484 8482 6231
8486 8484 6237
8488 8486 6243
8490 8488 6249
8492 8490 6255
8494 8492 6261
8496 8494 6267
8498 8496 6273
8500 8498 6279
8502 8500 6285
8504 8502 6291
8506 8504 6297
8508 8506 6303
8510 8508 6309
8512 8510 6315
8514 8512 6321
8516 8514 6327
8518 8516 6333
8520 8518 6339
8522 8520 6345
8524 8522 6351
8526 8524 6357
8528 8526 6363
8530 8528 6369
8532 8530 6375
8534 8532 6381
8536 8534 6387
8538 8536 6393
8540 8538 6399
8542 8540 6405
8544 8542 6411
8546 8544 6417
8548 8546 6423
8550 8548 6429
8552 8550 6435
8554 8552 6441
8556 8554 6447
8558 8556 6453
8560 8558 6459
8562 8560 6465
8564 8562 6471
8566 8564 6477
8568 8566 6483
8570 8568 6489
8572 8570 6495
8574 8572 6501
8576 8574 6507
8578 8576 6513
8580 8578 6519
8582 8580 6525
8584 8582 6531
8586 8584 6537
8588 8586 6543
8590 8588 6549
8592 8590 6555
8594 8592 6561
8596 8594 6567
8598 8596 6573
8600 8598 6579
8602 8600 6585
8604 8602 6591
8606 8604 6597
8608 8606 6603
8610 8608 6609
8612 8610 6615
8614 8612 6621
8616 8614 6627
8618 8616 6633
8620 8618 6639
8622 8620 6645
8624 8622 6651
8626 8624 6657
8628 8626 6663
8630 8628 6669
8632 8630 6675
8634 8632 6681
8636 8634 6687
8638 8636 6693
8640 8638 6699
8642 8640 6705
8644 8642 6711
8646 8644 6717
8648 8646 6723
8650 8648 6729
8652 8650 6735
8654 8652 6741
8656 8654 6747
8658 8656 6753
8660 8658 6759
8662 8660 6765
8664 8662 6771
8666 8664 6777
8668 8666 6783
8670 8668 6789
8672 8670 6795
8674 8672 6801
8676 8674 6807
8678 8676 6813
8680 8678 6819
8682 8680 6825
8684 8682 6831
8686 8684 6837
8688 8686 6843
8690 8688 6849
8692 8690 6855
8694 8692 6861
8696 8694 6867
8698 8696 6873
8700 8698 6879
8702 8700 6885
8704 8702 6891
8706 8704 6897
8708 8706 6903
8710 8708 6909
8712 8710 6915
8714 8712 6921
8716 8714 6927
8718 8716 6933
8720 8718 6939
8722 8720 6945
8724 8722 6951
8726 8724 6957
8728 8726 6963
8730 8728 6969
8732 8730 6975
8734 8732 6981
8736 8734 6987
8738 8736 6993
8740 8738 6999
8742 8740 7005
8744 8742 7011
8746 8744 7017
8748 8746 7023
8750 8748 7029
8752 8750 7035
8754 8752 7041
8756 8754 7047
8758 8756 7053
8760 8758 7059
8762 8760 7065
8764 8762 7071
8766 8764 7077
8768 8766 7083
8770 8768 7089
8772 8770 7095
8774 8772 7101
8776 8774 7107
8778 8776 7113
8780 8778 7119
8782 8780 7125
8784 8782 7131
8786 8784 7137
8788 8786 7143
8790 8788 7149
8792 8790 7155
8794 8792 7161
8796 8794 7167
8798 8796 7173
8800 8798 7179
8802 8800 7185
8804 8802 7191
8806 8804 7197
8808 8806 7203
8810 8808 7209
8812 8810 7215
8814 8812 7221
8816 8814 7227
8818 8816 7233
8820 8818 7239
8822 8820 7245
8824 8822 7251
8826 8824 7257
8828 8826 7263
8830 8828 7269
8832 8830 7275
8834 8832 7281
8836 8834 7287
8838 8836 7293
8840 8838 7299
8842 8840 7305
8844 8842 7311
8846 8844 7317
8848 8846 7323
8850 8848 7329
8852 8850 7335
8854 8852 7341
8856 8854 7347
8858 8856 7353
8860 8858 7359
8862 8860 7365
8864 8862 7371
8866 8864 7377
8868 8866 7383
8870 8868 7389
8872 8870 7395
8874 8872 7401
8876 8874 7407
8878 8876 7413
8880 8878 7419
8882 8880 7425
8884 8882 7431
8886 8884 7437
8888 8886 7443
8890 8888 7449
8892 8890 7455
8894 8892 7461
8896 8894 7467
8898 8896 7473
8900 8898 7479
8902 8900 7485
8904 8902 7491
8906 8904 7497
8908 8906 7503
8910 8908 7509
8912 8910 7515
8914 8912 7521
8916 8914 7527
8918 8916 7533
8920 8918 7539
8922 8920 7545
8924 8922 7551
8926 8924 7557
8928 8926 7563
8930 8928 7569
8932 8930 7575
8934 8932 7581
8936 8934 7587
8938 8936 7593
8940 8938 7599
8942 8940 7605
8944 8942 7611
8946 8944 7617
8948 8946 7623
8950 8948 7629
8952 8950 7635
8954 8952 7641
8956 8954 7647
8958 8956 7653
8960 8958 7659
8962 8960 7665
8964 8962 7671
8966 8964 7677
8968 8966 7683
8970 8968 7689
8972 8970 7695
8974 8972 7701
8976 8974 7707
8978 8976 7713
8980 8978 7719
8982 8980 7725
8984 8982 7731
8986 8984 7737
8988 8986 7743
8990 8988 7749
8992 8990 7755
8994 8992 7761
8996 8994 7767
8998 8996 7773
9000 8998 7779
9002 9000 7785
9004 9002 7791
9006 9004 7797
9008 9006 7803
9010 9008 7809
9012 9010 7815
9014 9012 7821
9016 9014 7827
9018 9016 7833
9020 9018 7839
9022 9020 7845
9024 9022 7851
9026 9024 7857
9028 9026 7863
9030 9028 7869
9032 9030 7875
9034 9032 7881
9036 9034 7887
9038 9036 7893
9040 9038 7899
9042 9040 7905
9044 9042 7911
9046 9044 7917
9048 9046 7923
9050 9048 7929
9052 9050 7935
9054 9052 7941
9056 9054 7947
9058 9056 7953
9060 9058 7959
9062 9060 7965
9064 9062 7971
9066 9064 7973
9068 9066 4759
i0 = 2
i1 = 4
i2 = 6
i3 = 8
i4 = 10
i5 = 12
i6 = 14
i7 = 16
i8 = 18
i9 = 20
i10 = 22
i11 = 24
i12 = 26
i13 = 28
i14 = 30
i15 = 32
i16 = 34
i17 = 36
i18 = 38
i19 = 40
i20 = 42
i21 = 44
i22 = 46
i23 = 48
i24 = 50
i25 = 52
i26 = 54
i27 = 56
i28 = 58
i29 = 60
i30 = 62
i31 = 64
i32 = 66
i33 = 68
i34 = 70
i35 = 72
i36 = 74
i37 = 76
i38 = 78
i39 = 80
i40 = 82
i41 = 84
i42 = 86
i43 = 88
i44 = 90
i45 = 92
i46 = 94
i47 = 96
i48 = 100
l0 = 102
l1 = 104
l2 = 106
l3 = 108
l4 = 110
l5 = 112
l6 = 114
l7 = 116
l8 = 118
l9 = 120
l10 = 122
l11 = 124
l12 = 126
l13 = 128
l14 = 130
l15 = 132
l16 = 134
l17 = 136
l18 = 138
l19 = 140
l20 = 142
l21 = 144
l22 = 146
l23 = 148
l24 = 150
l25 = 152
l26 = 154
l27 = 156
l28 = 158
l29 = 160
l30 = 162
l31 = 164
l32 = 166
l33 = 168
l34 = 170
l35 = 172
l36 = 174
l37 = 176
l38 = 178
l39 = 180
l40 = 182
l41 = 184
l42 = 186
l43 = 188
l44 = 190
l45 = 192
l46 = 194
l47 = 196
l48 = 198
l49 = 200
l50 = 202
l51 = 204
l52 = 206
l53 = 208
l54 = 210
l55 = 212
l56 = 214
l57 = 216
l58 = 218
l59 = 220
l60 = 222
l61 = 224
l62 = 226
l63 = 228
l64 = 230
l65 = 232
l66 = 234
l67 = 236
l68 = 238
l69 = 240
l70 = 242
l71 = 244
l72 = 246
l73 = 248
l74 = 250
l75 = 252
l76 = 254
l77 = 256
l78 = 258
l79 = 260
l80 = 262
l81 = 264
l82 = 266
l83 = 268
l84 = 270
l85 = 272
l86 = 274
l87 = 276
l88 = 278
l89 = 280
l90 = 282
l91 = 284
l92 = 286
l93 = 288
l94 = 290
l95 = 292
l96 = 294
l97 = 296
l98 = 298
l99 = 300
l100 = 302
l101 = 304
l102 = 306
l103 = 308
l104 = 310
l105 = 312
l106 = 314
l107 = 316
l108 = 318
l109 = 320
l110 = 322
l111 = 324
l112 = 326
l113 = 328
l114 = 330
l115 = 332
l116 = 334
l117 = 336
l118 = 338
l119 = 340
l120 = 342
l121 = 344
l122 = 346
l123 = 348
l124 = 350
l125 = 352
l126 = 354
l127 = 356
l128 = 358
l129 = 360
l130 = 362
l131 = 364
l132 = 366
l133 = 368
l134 = 370
l135 = 372
l136 = 374
l137 = 376
l138 = 378
l139 = 380
l140 = 382
l141 = 384
l142 = 386
l143 = 388
l144 = 390
l145 = 392
l146 = 394
l147 = 396
l148 = 398
l149 = 400
l150 = 402
l151 = 404
l152 = 406
l153 = 408
l154 = 410
l155 = 412
l156 = 414
